Day10 过拟合与正则化实验汇总
================================================
数据设置：训练集 40 个点，其中 15% 标签被故意翻转；测试集 400 个点，不加标签噪声。
观察重点：不要只看 train_acc，要看 test_acc 以及 train_acc - test_acc 的 gap。

model | train_loss | test_loss | train_acc | test_acc | gap
baseline | 0.01141 | 1.65734 | 1.000 | 0.695 | 0.305
weight_decay | 0.16279 | 1.30367 | 0.925 | 0.650 | 0.275
dropout | 0.15923 | 0.56535 | 0.975 | 0.748 | 0.228

训练集 accuracy 最高：baseline (1.000)
测试集 accuracy 最高：dropout (0.748)
train/test gap 最小：dropout (0.228)

结论：baseline 最容易记住小训练集；weight decay 和 dropout 会牺牲一点训练集表现，换取更稳的泛化表现。

baseline 训练日志
========================================
weight_decay: 0.0
dropout_p: 0.0
epoch | train_loss | train_acc | test_acc | gap
    1 |    0.53622 |     0.675 |    0.630 | 0.045
    2 |    0.42345 |     0.825 |    0.863 | -0.038
    3 |    0.43891 |     0.750 |    0.890 | -0.140
    4 |    0.41727 |     0.800 |    0.840 | -0.040
    5 |    0.36439 |     0.850 |    0.845 | 0.005
    6 |    0.34554 |     0.825 |    0.835 | -0.010
    7 |    0.32871 |     0.825 |    0.820 | 0.005
    8 |    0.31123 |     0.875 |    0.820 | 0.055
    9 |    0.30671 |     0.875 |    0.812 | 0.062
   10 |    0.28453 |     0.875 |    0.815 | 0.060
   11 |    0.29412 |     0.900 |    0.735 | 0.165
   12 |    0.26444 |     0.900 |    0.760 | 0.140
   13 |    0.26887 |     0.900 |    0.815 | 0.085
   14 |    0.27075 |     0.875 |    0.785 | 0.090
   15 |    0.24624 |     0.925 |    0.795 | 0.130
   16 |    0.23299 |     0.925 |    0.822 | 0.103
   17 |    0.21495 |     0.925 |    0.822 | 0.103
   18 |    0.21351 |     0.925 |    0.767 | 0.158
   19 |    0.20520 |     0.950 |    0.772 | 0.178
   20 |    0.20220 |     0.950 |    0.800 | 0.150
   21 |    0.20702 |     0.900 |    0.848 | 0.052
   22 |    0.19701 |     0.900 |    0.845 | 0.055
   23 |    0.17534 |     0.950 |    0.815 | 0.135
   24 |    0.16890 |     0.950 |    0.730 | 0.220
   25 |    0.19562 |     0.925 |    0.712 | 0.213
   26 |    0.15119 |     0.950 |    0.777 | 0.173
   27 |    0.14928 |     0.925 |    0.820 | 0.105
   28 |    0.14231 |     0.950 |    0.805 | 0.145
   29 |    0.12653 |     0.975 |    0.762 | 0.213
   30 |    0.13945 |     0.950 |    0.752 | 0.197
   31 |    0.13229 |     0.950 |    0.755 | 0.195
   32 |    0.11380 |     0.975 |    0.743 | 0.233
   33 |    0.11690 |     0.975 |    0.750 | 0.225
   34 |    0.10383 |     0.975 |    0.735 | 0.240
   35 |    0.11941 |     0.975 |    0.725 | 0.250
   36 |    0.10585 |     0.975 |    0.723 | 0.252
   37 |    0.13162 |     0.950 |    0.692 | 0.257
   38 |    0.11192 |     0.950 |    0.697 | 0.252
   39 |    0.11467 |     0.950 |    0.697 | 0.252
   40 |    0.10723 |     0.975 |    0.743 | 0.233
   41 |    0.10155 |     0.975 |    0.730 | 0.245
   42 |    0.08591 |     0.975 |    0.702 | 0.273
   43 |    0.09440 |     0.975 |    0.690 | 0.285
   44 |    0.07898 |     0.975 |    0.700 | 0.275
   45 |    0.12910 |     0.950 |    0.760 | 0.190
   46 |    0.14970 |     0.950 |    0.762 | 0.188
   47 |    0.11851 |     0.950 |    0.752 | 0.197
   48 |    0.07818 |     0.975 |    0.715 | 0.260
   49 |    0.08044 |     0.975 |    0.692 | 0.283
   50 |    0.08955 |     0.950 |    0.690 | 0.260
   51 |    0.07060 |     0.975 |    0.688 | 0.288
   52 |    0.08235 |     0.975 |    0.688 | 0.288
   53 |    0.07033 |     0.975 |    0.728 | 0.248
   54 |    0.12497 |     0.950 |    0.757 | 0.192
   55 |    0.05636 |     0.975 |    0.723 | 0.252
   56 |    0.06282 |     0.975 |    0.683 | 0.293
   57 |    0.06594 |     0.975 |    0.705 | 0.270
   58 |    0.08046 |     0.950 |    0.712 | 0.238
   59 |    0.05226 |     0.975 |    0.702 | 0.273
   60 |    0.17610 |     0.925 |    0.652 | 0.273
   61 |    0.05009 |     0.975 |    0.695 | 0.280
   62 |    0.05396 |     0.975 |    0.728 | 0.248
   63 |    0.06153 |     0.975 |    0.725 | 0.250
   64 |    0.04528 |     0.975 |    0.723 | 0.252
   65 |    0.04923 |     0.975 |    0.688 | 0.288
   66 |    0.06979 |     0.950 |    0.683 | 0.267
   67 |    0.04248 |     0.975 |    0.700 | 0.275
   68 |    0.05569 |     0.975 |    0.720 | 0.255
   69 |    0.05638 |     0.950 |    0.720 | 0.230
   70 |    0.04054 |     0.975 |    0.685 | 0.290
   71 |    0.05464 |     0.975 |    0.668 | 0.308
   72 |    0.04016 |     0.975 |    0.688 | 0.288
   73 |    0.03866 |     0.975 |    0.705 | 0.270
   74 |    0.03964 |     0.975 |    0.717 | 0.258
   75 |    0.03714 |     0.975 |    0.720 | 0.255
   76 |    0.03191 |     0.975 |    0.710 | 0.265
   77 |    0.02940 |     0.975 |    0.707 | 0.268
   78 |    0.02888 |     0.975 |    0.700 | 0.275
   79 |    0.02837 |     1.000 |    0.695 | 0.305
   80 |    0.02721 |     1.000 |    0.697 | 0.303
   81 |    0.02568 |     1.000 |    0.695 | 0.305
   82 |    0.02428 |     1.000 |    0.692 | 0.308
   83 |    0.02329 |     1.000 |    0.692 | 0.308
   84 |    0.02176 |     1.000 |    0.695 | 0.305
   85 |    0.02173 |     1.000 |    0.695 | 0.305
   86 |    0.02038 |     1.000 |    0.697 | 0.303
   87 |    0.02034 |     1.000 |    0.695 | 0.305
   88 |    0.01986 |     1.000 |    0.690 | 0.310
   89 |    0.01837 |     1.000 |    0.690 | 0.310
   90 |    0.01664 |     1.000 |    0.688 | 0.312
   91 |    0.01586 |     1.000 |    0.688 | 0.312
   92 |    0.01572 |     1.000 |    0.688 | 0.312
   93 |    0.01498 |     1.000 |    0.690 | 0.310
   94 |    0.01411 |     1.000 |    0.692 | 0.308
   95 |    0.01363 |     1.000 |    0.692 | 0.308
   96 |    0.01292 |     1.000 |    0.697 | 0.303
   97 |    0.01259 |     1.000 |    0.695 | 0.305
   98 |    0.01298 |     1.000 |    0.692 | 0.308
   99 |    0.01193 |     1.000 |    0.695 | 0.305
  100 |    0.01141 |     1.000 |    0.695 | 0.305

weight_decay 训练日志
========================================
weight_decay: 0.003
dropout_p: 0.0
epoch | train_loss | train_acc | test_acc | gap
    1 |    0.52785 |     0.675 |    0.620 | 0.055
    2 |    0.42539 |     0.825 |    0.865 | -0.040
    3 |    0.43427 |     0.775 |    0.885 | -0.110
    4 |    0.40761 |     0.825 |    0.850 | -0.025
    5 |    0.36477 |     0.850 |    0.855 | -0.005
    6 |    0.34661 |     0.800 |    0.845 | -0.045
    7 |    0.33035 |     0.825 |    0.830 | -0.005
    8 |    0.32162 |     0.875 |    0.827 | 0.048
    9 |    0.31308 |     0.875 |    0.827 | 0.048
   10 |    0.30136 |     0.875 |    0.817 | 0.058
   11 |    0.30713 |     0.875 |    0.760 | 0.115
   12 |    0.28278 |     0.900 |    0.805 | 0.095
   13 |    0.28666 |     0.875 |    0.815 | 0.060
   14 |    0.28566 |     0.850 |    0.798 | 0.053
   15 |    0.26884 |     0.875 |    0.805 | 0.070
   16 |    0.25673 |     0.925 |    0.837 | 0.088
   17 |    0.25256 |     0.925 |    0.837 | 0.088
   18 |    0.24588 |     0.900 |    0.800 | 0.100
   19 |    0.24074 |     0.900 |    0.780 | 0.120
   20 |    0.23658 |     0.925 |    0.795 | 0.130
   21 |    0.24930 |     0.900 |    0.848 | 0.052
   22 |    0.23297 |     0.900 |    0.830 | 0.070
   23 |    0.22351 |     0.925 |    0.810 | 0.115
   24 |    0.20918 |     0.950 |    0.777 | 0.173
   25 |    0.23952 |     0.900 |    0.738 | 0.162
   26 |    0.20338 |     0.925 |    0.752 | 0.173
   27 |    0.19779 |     0.925 |    0.820 | 0.105
   28 |    0.19426 |     0.925 |    0.842 | 0.083
   29 |    0.18665 |     0.925 |    0.858 | 0.067
   30 |    0.22580 |     0.900 |    0.777 | 0.123
   31 |    0.18217 |     0.925 |    0.795 | 0.130
   32 |    0.21109 |     0.925 |    0.808 | 0.118
   33 |    0.16931 |     0.950 |    0.803 | 0.147
   34 |    0.17655 |     0.925 |    0.757 | 0.168
   35 |    0.17192 |     0.925 |    0.730 | 0.195
   36 |    0.16912 |     0.950 |    0.752 | 0.197
   37 |    0.16757 |     0.950 |    0.735 | 0.215
   38 |    0.16075 |     0.950 |    0.715 | 0.235
   39 |    0.16697 |     0.950 |    0.735 | 0.215
   40 |    0.14479 |     0.950 |    0.770 | 0.180
   41 |    0.14997 |     0.925 |    0.780 | 0.145
   42 |    0.14611 |     0.950 |    0.757 | 0.192
   43 |    0.15821 |     0.950 |    0.697 | 0.252
   44 |    0.14165 |     0.975 |    0.707 | 0.268
   45 |    0.18545 |     0.950 |    0.752 | 0.197
   46 |    0.20743 |     0.950 |    0.750 | 0.200
   47 |    0.20127 |     0.950 |    0.755 | 0.195
   48 |    0.17946 |     0.925 |    0.750 | 0.175
   49 |    0.13604 |     0.950 |    0.755 | 0.195
   50 |    0.17174 |     0.950 |    0.678 | 0.272
   51 |    0.18798 |     0.925 |    0.673 | 0.252
   52 |    0.14207 |     0.950 |    0.700 | 0.250
   53 |    0.14492 |     0.925 |    0.728 | 0.197
   54 |    0.15592 |     0.925 |    0.762 | 0.163
   55 |    0.13154 |     0.950 |    0.785 | 0.165
   56 |    0.13981 |     0.950 |    0.725 | 0.225
   57 |    0.14606 |     0.950 |    0.690 | 0.260
   58 |    0.12186 |     0.975 |    0.738 | 0.238
   59 |    0.12952 |     0.950 |    0.735 | 0.215
   60 |    0.13855 |     0.950 |    0.733 | 0.217
   61 |    0.11950 |     0.950 |    0.745 | 0.205
   62 |    0.11404 |     0.975 |    0.717 | 0.258
   63 |    0.11423 |     0.975 |    0.723 | 0.252
   64 |    0.10931 |     0.975 |    0.748 | 0.228
   65 |    0.10888 |     0.950 |    0.765 | 0.185
   66 |    0.11160 |     0.950 |    0.772 | 0.178
   67 |    0.10416 |     0.975 |    0.743 | 0.233
   68 |    0.09909 |     0.975 |    0.735 | 0.240
   69 |    0.10375 |     0.975 |    0.715 | 0.260
   70 |    0.10045 |     0.975 |    0.702 | 0.273
   71 |    0.09800 |     0.975 |    0.712 | 0.263
   72 |    0.10348 |     0.950 |    0.740 | 0.210
   73 |    0.09389 |     0.975 |    0.725 | 0.250
   74 |    0.09277 |     0.975 |    0.697 | 0.278
   75 |    0.10033 |     0.975 |    0.688 | 0.288
   76 |    0.09072 |     0.975 |    0.712 | 0.263
   77 |    0.08983 |     0.975 |    0.738 | 0.238
   78 |    0.09389 |     0.975 |    0.757 | 0.218
   79 |    0.08875 |     0.975 |    0.700 | 0.275
   80 |    0.09219 |     0.975 |    0.685 | 0.290
   81 |    0.08232 |     0.975 |    0.740 | 0.235
   82 |    0.08724 |     0.975 |    0.748 | 0.228
   83 |    0.08234 |     0.975 |    0.738 | 0.238
   84 |    0.08895 |     0.975 |    0.755 | 0.220
   85 |    0.08929 |     0.975 |    0.725 | 0.250
   86 |    0.08521 |     0.975 |    0.697 | 0.278
   87 |    0.07635 |     0.975 |    0.705 | 0.270
   88 |    0.08207 |     0.975 |    0.723 | 0.252
   89 |    0.07445 |     0.975 |    0.688 | 0.288
   90 |    0.07651 |     0.975 |    0.688 | 0.288
   91 |    0.07118 |     0.975 |    0.702 | 0.273
   92 |    0.07590 |     0.975 |    0.738 | 0.238
   93 |    0.08523 |     0.975 |    0.765 | 0.210
   94 |    0.07007 |     0.975 |    0.728 | 0.248
   95 |    0.11579 |     0.950 |    0.660 | 0.290
   96 |    0.08502 |     0.975 |    0.715 | 0.260
   97 |    0.09251 |     0.950 |    0.790 | 0.160
   98 |    0.08206 |     0.975 |    0.772 | 0.203
   99 |    0.17116 |     0.950 |    0.655 | 0.295
  100 |    0.16279 |     0.925 |    0.650 | 0.275

dropout 训练日志
========================================
weight_decay: 0.0
dropout_p: 0.3
epoch | train_loss | train_acc | test_acc | gap
    1 |    0.52548 |     0.675 |    0.610 | 0.065
    2 |    0.46728 |     0.800 |    0.762 | 0.038
    3 |    0.42784 |     0.800 |    0.887 | -0.087
    4 |    0.42307 |     0.825 |    0.897 | -0.072
    5 |    0.38961 |     0.825 |    0.870 | -0.045
    6 |    0.38020 |     0.825 |    0.810 | 0.015
    7 |    0.34987 |     0.825 |    0.822 | 0.002
    8 |    0.35316 |     0.850 |    0.865 | -0.015
    9 |    0.34805 |     0.850 |    0.853 | -0.002
   10 |    0.37038 |     0.875 |    0.800 | 0.075
   11 |    0.33180 |     0.825 |    0.835 | -0.010
   12 |    0.36013 |     0.800 |    0.832 | -0.032
   13 |    0.35232 |     0.825 |    0.810 | 0.015
   14 |    0.32903 |     0.825 |    0.790 | 0.035
   15 |    0.33793 |     0.850 |    0.777 | 0.073
   16 |    0.33061 |     0.875 |    0.775 | 0.100
   17 |    0.32602 |     0.850 |    0.743 | 0.108
   18 |    0.33091 |     0.825 |    0.748 | 0.077
   19 |    0.33784 |     0.825 |    0.750 | 0.075
   20 |    0.30659 |     0.825 |    0.780 | 0.045
   21 |    0.31748 |     0.875 |    0.798 | 0.077
   22 |    0.35447 |     0.900 |    0.790 | 0.110
   23 |    0.32765 |     0.875 |    0.815 | 0.060
   24 |    0.30524 |     0.875 |    0.825 | 0.050
   25 |    0.29319 |     0.850 |    0.837 | 0.013
   26 |    0.29717 |     0.850 |    0.805 | 0.045
   27 |    0.29278 |     0.900 |    0.775 | 0.125
   28 |    0.30368 |     0.850 |    0.800 | 0.050
   29 |    0.29353 |     0.850 |    0.812 | 0.038
   30 |    0.28181 |     0.875 |    0.817 | 0.058
   31 |    0.26808 |     0.875 |    0.808 | 0.067
   32 |    0.26039 |     0.850 |    0.812 | 0.038
   33 |    0.25987 |     0.850 |    0.810 | 0.040
   34 |    0.26969 |     0.850 |    0.812 | 0.038
   35 |    0.28038 |     0.850 |    0.803 | 0.048
   36 |    0.31800 |     0.875 |    0.798 | 0.077
   37 |    0.30753 |     0.850 |    0.805 | 0.045
   38 |    0.29312 |     0.825 |    0.795 | 0.030
   39 |    0.26097 |     0.850 |    0.808 | 0.043
   40 |    0.24915 |     0.925 |    0.793 | 0.132
   41 |    0.25597 |     0.900 |    0.765 | 0.135
   42 |    0.25050 |     0.900 |    0.822 | 0.077
   43 |    0.25578 |     0.875 |    0.830 | 0.045
   44 |    0.24480 |     0.875 |    0.822 | 0.053
   45 |    0.23525 |     0.925 |    0.808 | 0.118
   46 |    0.24974 |     0.875 |    0.723 | 0.152
   47 |    0.23036 |     0.875 |    0.767 | 0.108
   48 |    0.22635 |     0.925 |    0.783 | 0.142
   49 |    0.22678 |     0.925 |    0.822 | 0.103
   50 |    0.22024 |     0.900 |    0.827 | 0.072
   51 |    0.21910 |     0.900 |    0.845 | 0.055
   52 |    0.22258 |     0.900 |    0.733 | 0.167
   53 |    0.28970 |     0.875 |    0.637 | 0.238
   54 |    0.24377 |     0.925 |    0.733 | 0.192
   55 |    0.25402 |     0.850 |    0.835 | 0.015
   56 |    0.28129 |     0.850 |    0.835 | 0.015
   57 |    0.26721 |     0.875 |    0.853 | 0.022
   58 |    0.23530 |     0.900 |    0.825 | 0.075
   59 |    0.25310 |     0.900 |    0.748 | 0.152
   60 |    0.25711 |     0.925 |    0.738 | 0.188
   61 |    0.22670 |     0.925 |    0.795 | 0.130
   62 |    0.20555 |     0.925 |    0.815 | 0.110
   63 |    0.20502 |     0.925 |    0.820 | 0.105
   64 |    0.19786 |     0.925 |    0.788 | 0.137
   65 |    0.19571 |     0.925 |    0.790 | 0.135
   66 |    0.19537 |     0.925 |    0.820 | 0.105
   67 |    0.19240 |     0.950 |    0.803 | 0.147
   68 |    0.19868 |     0.900 |    0.783 | 0.117
   69 |    0.22048 |     0.900 |    0.750 | 0.150
   70 |    0.19480 |     0.925 |    0.755 | 0.170
   71 |    0.17667 |     0.925 |    0.800 | 0.125
   72 |    0.19629 |     0.925 |    0.767 | 0.158
   73 |    0.18688 |     0.925 |    0.772 | 0.153
   74 |    0.17654 |     0.925 |    0.767 | 0.158
   75 |    0.16836 |     0.950 |    0.770 | 0.180
   76 |    0.16663 |     0.950 |    0.767 | 0.183
   77 |    0.16432 |     0.925 |    0.810 | 0.115
   78 |    0.16354 |     0.925 |    0.822 | 0.103
   79 |    0.15849 |     0.950 |    0.803 | 0.147
   80 |    0.16043 |     0.950 |    0.790 | 0.160
   81 |    0.16179 |     0.950 |    0.798 | 0.152
   82 |    0.17962 |     0.925 |    0.770 | 0.155
   83 |    0.18095 |     0.925 |    0.755 | 0.170
   84 |    0.16608 |     0.925 |    0.808 | 0.118
   85 |    0.16618 |     0.925 |    0.815 | 0.110
   86 |    0.17046 |     0.925 |    0.795 | 0.130
   87 |    0.16731 |     0.950 |    0.733 | 0.217
   88 |    0.16800 |     0.950 |    0.652 | 0.298
   89 |    0.18124 |     0.925 |    0.625 | 0.300
   90 |    0.16361 |     0.950 |    0.683 | 0.267
   91 |    0.15535 |     0.925 |    0.775 | 0.150
   92 |    0.19908 |     0.925 |    0.812 | 0.113
   93 |    0.22852 |     0.925 |    0.812 | 0.113
   94 |    0.22376 |     0.925 |    0.815 | 0.110
   95 |    0.20723 |     0.925 |    0.822 | 0.103
   96 |    0.19334 |     0.925 |    0.825 | 0.100
   97 |    0.17649 |     0.925 |    0.825 | 0.100
   98 |    0.16723 |     0.925 |    0.790 | 0.135
   99 |    0.16427 |     0.950 |    0.770 | 0.180
  100 |    0.15923 |     0.975 |    0.748 | 0.228